Python:
Theta: [-0.05360032  0.0433206   1.35742293]
(-0.97640986114198869, 0.2091863348652013, -0.053524390424798653)
camDir: [-0.97640986  0.20918633 -0.05352439]
c: [-127.73593148  -81.34205805   55.93010134]
e: [ 0.14646148 -0.03137795  0.00802866]
viewWindowHeight: 0.139892303005
viewWindowWidth: 0.139892303005
(-0.043202251402034424, 0.053609013118415802, 0.99762700403821514)
camUp: [-0.04320225  0.05360901  0.997627  ]
(0.21155932628574387, 0.97640521865572472, -0.043307048426194837)
camEast: [ 0.21155933  0.97640522 -0.04330705]
delete: [-32.18193052  -5.26914805  -1.72277134]
viewerDist: [-32.328392   -5.2377701  -1.7308   ]
viewerDistNorm: [-0.98575236 -0.15970928 -0.05277529]
dot: 0.931914090656
ang: 0.371141123918
viewPlaneDist: 0.160959049192
viewPlanePoint: [-0.01220428 -0.05708461 -0.000466  ]
newOrigin: [-127.75375108  -81.40660409   56.00291067]
viewPlanePoint: [ 0.00561531  0.00746144 -0.07327533]
viewPlaneX: 0.0116466972241
viewPlaneZ: -0.0729440440029
screenX: 133.207582963
screenY: 533.944323271
Xscale: 166.509478704
Yscale: 759.387481985
Theta: [-0.05360032  0.0433206   1.35742293]
(-0.97640986114198869, 0.2091863348652013, -0.053524390424798653)
camDir: [-0.97640986  0.20918633 -0.05352439]
c: [-127.73593148  -81.34205805   55.93010134]
e: [ 0.14646148 -0.03137795  0.00802866]
viewWindowHeight: 0.139892303005
viewWindowWidth: 0.139892303005
(-0.043202251402034424, 0.053609013118415802, 0.99762700403821514)
camUp: [-0.04320225  0.05360901  0.997627  ]
(0.21155932628574387, 0.97640521865572472, -0.043307048426194837)
camEast: [ 0.21155933  0.97640522 -0.04330705]
delete: [-32.78425552  -7.02848195  -1.73930924]
viewerDist: [-32.930717   -6.997104   -1.7473379]
viewerDistNorm: [-0.97684806 -0.20756024 -0.05183257]
dot: 0.913159619735
ang: 0.419826630697
viewPlaneDist: 0.164264825906
viewPlanePoint: [-0.01400029 -0.0654728  -0.00048561]
newOrigin: [-127.75375108  -81.40660409   56.00291067]
viewPlanePoint: [ 0.0038193  -0.00092675 -0.07329494]
viewPlaneX: 0.0030773080128
viewPlaneZ: -0.0733356960453
screenX: 35.1963096947
screenY: 536.811183583
Xscale: 43.9953871183
Yscale: 763.464794429
Theta: [-0.05360032  0.0433206   1.35742293]
(-0.97640986114198869, 0.2091863348652013, -0.053524390424798653)
camDir: [-0.97640986  0.20918633 -0.05352439]
c: [-127.73593148  -81.34205805   55.93010134]
e: [ 0.14646148 -0.03137795  0.00802866]
viewWindowHeight: 0.139892303005
viewWindowWidth: 0.139892303005
(-0.043202251402034424, 0.053609013118415802, 0.99762700403821514)
camUp: [-0.04320225  0.05360901  0.997627  ]
(0.21155932628574387, 0.97640521865572472, -0.043307048426194837)
camEast: [ 0.21155933  0.97640522 -0.04330705]
delete: [-36.69322152  -5.68735195  -2.04307134]
viewerDist: [-36.839683  -5.655974  -2.0511  ]
viewerDistNorm: [-0.9869254  -0.15152205 -0.05494843]
dot: 0.934888427463
ang: 0.362851732966
viewPlaneDist: 0.160446959823
viewPlanePoint: [-0.01188769 -0.0556892  -0.00078765]
newOrigin: [-127.75375108  -81.40660409   56.00291067]
viewPlanePoint: [ 0.0059319   0.00885684 -0.07359698]
viewPlaneX: 0.013090080101
viewPlaneZ: -0.0732037999135
screenX: 149.716086673
screenY: 535.84571489
Xscale: 187.145108341
Yscale: 762.091683398
Theta: [-0.05360032  0.0433206   1.35742293]
(-0.97640986114198869, 0.2091863348652013, -0.053524390424798653)
camDir: [-0.97640986  0.20918633 -0.05352439]
c: [-127.73593148  -81.34205805   55.93010134]
e: [ 0.14646148 -0.03137795  0.00802866]
viewWindowHeight: 0.139892303005
viewWindowWidth: 0.139892303005
(-0.043202251402034424, 0.053609013118415802, 0.99762700403821514)
camUp: [-0.04320225  0.05360901  0.997627  ]
(0.21155932628574387, 0.97640521865572472, -0.043307048426194837)
camEast: [ 0.21155933  0.97640522 -0.04330705]
delete: [-36.09091152  -3.92803195  -2.02652924]
viewerDist: [-36.237373   -3.896654   -2.0345579]
viewerDistNorm: [-0.99272258 -0.10674881 -0.0557367 ]
dot: 0.949956993072
ang: 0.317698132844
viewPlaneDist: 0.157901891406
viewPlanePoint: [-0.01029129 -0.04823379 -0.00077227]
newOrigin: [-127.75375108  -81.40660409   56.00291067]
viewPlanePoint: [ 0.0075283   0.01631225 -0.0735816 ]
viewPlaneX: 0.0207066539488
viewPlaneZ: -0.0728577493598
screenX: 236.829658289
screenY: 533.312653675
Xscale: 296.037072862
Yscale: 758.489107449
Theta: [-0.05360032  0.0433206   1.35742293]
(-0.97640986114198869, 0.2091863348652013, -0.053524390424798653)
camDir: [-0.97640986  0.20918633 -0.05352439]
c: [-127.73593148  -81.34205805   55.93010134]
e: [ 0.14646148 -0.03137795  0.00802866]
viewWindowHeight: 0.139892303005
viewWindowWidth: 0.139892303005
(-0.043202251402034424, 0.053609013118415802, 0.99762700403821514)
camUp: [-0.04320225  0.05360901  0.997627  ]
(0.21155932628574387, 0.97640521865572472, -0.043307048426194837)
camEast: [ 0.21155933  0.97640522 -0.04330705]
delete: [-32.09658852  -5.28729195  -2.93010134]
viewerDist: [-32.24305   -5.255914  -2.93813 ]
viewerDistNorm: [-0.98300542 -0.16023893 -0.08957582]
dot: 0.931090881916
ang: 0.373404344319
viewPlaneDist: 0.161101358497
viewPlanePoint: [-0.01190202 -0.05719266 -0.00640213]
newOrigin: [-127.75375108  -81.40660409   56.00291067]
viewPlanePoint: [ 0.00591757  0.00735338 -0.07921146]
viewPlaneX: 0.0118622116267
viewPlaneZ: -0.0788849349656
screenX: 135.67250088
screenY: 577.431150031
Xscale: 169.590626101
Yscale: 821.235413377
Theta: [-0.05360032  0.0433206   1.35742293]
(-0.97640986114198869, 0.2091863348652013, -0.053524390424798653)
camDir: [-0.97640986  0.20918633 -0.05352439]
c: [-127.73593148  -81.34205805   55.93010134]
e: [ 0.14646148 -0.03137795  0.00802866]
viewWindowHeight: 0.139892303005
viewWindowWidth: 0.139892303005
(-0.043202251402034424, 0.053609013118415802, 0.99762700403821514)
camUp: [-0.04320225  0.05360901  0.997627  ]
(0.21155932628574387, 0.97640521865572472, -0.043307048426194837)
camEast: [ 0.21155933  0.97640522 -0.04330705]
delete: [-32.69891352  -7.04661195  -2.93010134]
viewerDist: [-32.845375  -7.015234  -2.93813 ]
viewerDistNorm: [-0.9742222  -0.2080779  -0.08714747]
dot: 0.912377629324
ang: 0.421741040491
viewPlaneDist: 0.164405615766
viewPlanePoint: [-0.01370612 -0.06558713 -0.00629888]
newOrigin: [-127.75375108  -81.40660409   56.00291067]
viewPlanePoint: [ 0.00411348 -0.00104108 -0.07910821]
viewPlaneX: 0.00327966720934
viewPlaneZ: -0.0791540057228
screenX: 37.5107666556
screenY: 579.40072555
Xscale: 46.8884583194
Yscale: 824.036587448
Theta: [-0.05360032  0.0433206   1.35742293]
(-0.97640986114198869, 0.2091863348652013, -0.053524390424798653)
camDir: [-0.97640986  0.20918633 -0.05352439]
c: [-127.73593148  -81.34205805   55.93010134]
e: [ 0.14646148 -0.03137795  0.00802866]
viewWindowHeight: 0.139892303005
viewWindowWidth: 0.139892303005
(-0.043202251402034424, 0.053609013118415802, 0.99762700403821514)
camUp: [-0.04320225  0.05360901  0.997627  ]
(0.21155932628574387, 0.97640521865572472, -0.043307048426194837)
camEast: [ 0.21155933  0.97640522 -0.04330705]
delete: [-36.60787952  -5.70549595  -2.93010134]
viewerDist: [-36.754341  -5.674118  -2.93813 ]
viewerDistNorm: [-0.98522244 -0.15209818 -0.07875836]
dot: 0.934379541945
ang: 0.364282752248
viewPlaneDist: 0.160534343087
viewPlanePoint: [-0.01170055 -0.05579493 -0.00461476]
newOrigin: [-127.75375108  -81.40660409   56.00291067]
viewPlanePoint: [ 0.00611904  0.00875111 -0.07742409]
viewPlaneX: 0.0131921784017
viewPlaneZ: -0.0770355844593
screenX: 150.883822692
screenY: 563.894058441
Xscale: 188.604778365
Yscale: 801.982660894
Theta: [-0.05360032  0.0433206   1.35742293]
(-0.97640986114198869, 0.2091863348652013, -0.053524390424798653)
camDir: [-0.97640986  0.20918633 -0.05352439]
c: [-127.73593148  -81.34205805   55.93010134]
e: [ 0.14646148 -0.03137795  0.00802866]
viewWindowHeight: 0.139892303005
viewWindowWidth: 0.139892303005
(-0.043202251402034424, 0.053609013118415802, 0.99762700403821514)
camUp: [-0.04320225  0.05360901  0.997627  ]
(0.21155932628574387, 0.97640521865572472, -0.043307048426194837)
camEast: [ 0.21155933  0.97640522 -0.04330705]
delete: [-36.00556852  -3.94617195  -2.93010134]
viewerDist: [-36.15203   -3.914794  -2.93813 ]
viewerDistNorm: [-0.99095855 -0.1073079  -0.0805367 ]
dot: 0.949445033539
ang: 0.319332965825
viewPlaneDist: 0.157987035228
viewPlanePoint: [-0.01009712 -0.04833121 -0.00469509]
newOrigin: [-127.75375108  -81.40660409   56.00291067]
viewPlanePoint: [ 0.00772247  0.01621483 -0.07750443]
viewPlaneX: 0.0208224976254
viewPlaneZ: -0.0767848751863
screenX: 238.154605256
screenY: 562.058887456
Xscale: 297.69325657
Yscale: 799.372639937